+-----+----------+-------------+
|     |   Actual |   Predicted |
+=====+==========+=============+
| 401 |        1 |           1 |
+-----+----------+-------------+
| 686 |        1 |           1 |
+-----+----------+-------------+
| 277 |        0 |           0 |
+-----+----------+-------------+
| 358 |        1 |           1 |
+-----+----------+-------------+
| 339 |        0 |           0 |
+-----+----------+-------------+
| 226 |        0 |           0 |
+-----+----------+-------------+
| 387 |        1 |           1 |
+-----+----------+-------------+
| 190 |        0 |           1 |
+-----+----------+-------------+
| 355 |        0 |           0 |
+-----+----------+-------------+
| 276 |        0 |           1 |
+-----+----------+-------------+
| 334 |        0 |           0 |
+-----+----------+-------------+
| 179 |        0 |           0 |
+-----+----------+-------------+
| 500 |        1 |           1 |
+-----+----------+-------------+
|  82 |        0 |           1 |
+-----+----------+-------------+
| 395 |        1 |           1 |
+-----+----------+-------------+
| 431 |        1 |           1 |
+-----+----------+-------------+
| 463 |        1 |           1 |
+-----+----------+-------------+
| 635 |        1 |           1 |
+-----+----------+-------------+
| 669 |        1 |           1 |
+-----+----------+-------------+
| 556 |        1 |           1 |
+-----+----------+-------------+
| 562 |        1 |           1 |
+-----+----------+-------------+
| 356 |        0 |           1 |
+-----+----------+-------------+
| 310 |        0 |           0 |
+-----+----------+-------------+
| 432 |        1 |           1 |
+-----+----------+-------------+
| 648 |        1 |           1 |
+-----+----------+-------------+
| 349 |        0 |           0 |
+-----+----------+-------------+
| 269 |        0 |           0 |
+-----+----------+-------------+
|  55 |        0 |           1 |
+-----+----------+-------------+
| 484 |        1 |           1 |
+-----+----------+-------------+
| 440 |        1 |           1 |
+-----+----------+-------------+
| 144 |        0 |           0 |
+-----+----------+-------------+
| 674 |        1 |           1 |
+-----+----------+-------------+
| 147 |        0 |           0 |
+-----+----------+-------------+
| 119 |        0 |           0 |
+-----+----------+-------------+
| 382 |        1 |           1 |
+-----+----------+-------------+
| 253 |        0 |           1 |
+-----+----------+-------------+
| 227 |        0 |           0 |
+-----+----------+-------------+
| 692 |        1 |           1 |
+-----+----------+-------------+
| 263 |        0 |           1 |
+-----+----------+-------------+
| 143 |        0 |           0 |
+-----+----------+-------------+
| 268 |        0 |           0 |
+-----+----------+-------------+
|  76 |        0 |           1 |
+-----+----------+-------------+
| 376 |        1 |           1 |
+-----+----------+-------------+
| 592 |        1 |           1 |
+-----+----------+-------------+
| 664 |        1 |           1 |
+-----+----------+-------------+
| 610 |        1 |           1 |
+-----+----------+-------------+
| 696 |        1 |           1 |
+-----+----------+-------------+
| 547 |        1 |           1 |
+-----+----------+-------------+
|  80 |        0 |           0 |
+-----+----------+-------------+
| 502 |        1 |           1 |
+-----+----------+-------------+
| 297 |        0 |           0 |
+-----+----------+-------------+
|  96 |        0 |           1 |
+-----+----------+-------------+
| 498 |        1 |           1 |
+-----+----------+-------------+
|  10 |        0 |           0 |
+-----+----------+-------------+
|  66 |        0 |           0 |
+-----+----------+-------------+
| 476 |        1 |           1 |
+-----+----------+-------------+
| 569 |        1 |           1 |
+-----+----------+-------------+
| 599 |        1 |           1 |
+-----+----------+-------------+
| 549 |        1 |           1 |
+-----+----------+-------------+
| 596 |        1 |           1 |
+-----+----------+-------------+
|  31 |        0 |           1 |
+-----+----------+-------------+
| 236 |        0 |           0 |
+-----+----------+-------------+
| 523 |        1 |           1 |
+-----+----------+-------------+
|  81 |        0 |           0 |
+-----+----------+-------------+
| 389 |        1 |           1 |
+-----+----------+-------------+
| 602 |        1 |           1 |
+-----+----------+-------------+
| 224 |        0 |           1 |
+-----+----------+-------------+
|  56 |        0 |           1 |
+-----+----------+-------------+
| 146 |        0 |           1 |
+-----+----------+-------------+
| 331 |        0 |           1 |
+-----+----------+-------------+
| 245 |        0 |           0 |
+-----+----------+-------------+
|   2 |        0 |           1 |
+-----+----------+-------------+
| 650 |        1 |           1 |
+-----+----------+-------------+
|  86 |        0 |           1 |
+-----+----------+-------------+
| 400 |        1 |           1 |
+-----+----------+-------------+
| 709 |        1 |           1 |
+-----+----------+-------------+
| 366 |        1 |           1 |
+-----+----------+-------------+
| 619 |        1 |           1 |
+-----+----------+-------------+
| 130 |        0 |           0 |
+-----+----------+-------------+
| 615 |        1 |           1 |
+-----+----------+-------------+
| 266 |        0 |           0 |
+-----+----------+-------------+
| 578 |        1 |           1 |
+-----+----------+-------------+
| 701 |        1 |           1 |
+-----+----------+-------------+
| 640 |        1 |           1 |
+-----+----------+-------------+
| 142 |        0 |           0 |
+-----+----------+-------------+
| 322 |        0 |           1 |
+-----+----------+-------------+
|  61 |        0 |           1 |
+-----+----------+-------------+
| 162 |        0 |           0 |
+-----+----------+-------------+
|  30 |        0 |           1 |
+-----+----------+-------------+
|  73 |        0 |           1 |
+-----+----------+-------------+
| 517 |        1 |           1 |
+-----+----------+-------------+
| 240 |        0 |           1 |
+-----+----------+-------------+
|  45 |        0 |           0 |
+-----+----------+-------------+
| 550 |        1 |           1 |
+-----+----------+-------------+
|  74 |        0 |           0 |
+-----+----------+-------------+
| 196 |        0 |           0 |
+-----+----------+-------------+
| 178 |        0 |           0 |
+-----+----------+-------------+
| 533 |        1 |           1 |
+-----+----------+-------------+
| 493 |        1 |           1 |
+-----+----------+-------------+
| 695 |        1 |           1 |
+-----+----------+-------------+
| 521 |        1 |           1 |
+-----+----------+-------------+
| 343 |        0 |           1 |
+-----+----------+-------------+
| 267 |        0 |           0 |
+-----+----------+-------------+
| 338 |        0 |           1 |
+-----+----------+-------------+
|  69 |        0 |           0 |
+-----+----------+-------------+
| 408 |        1 |           1 |
+-----+----------+-------------+
|  50 |        0 |           1 |
+-----+----------+-------------+
| 128 |        0 |           1 |
+-----+----------+-------------+
| 284 |        0 |           1 |
+-----+----------+-------------+
|  40 |        0 |           1 |
+-----+----------+-------------+
| 641 |        1 |           1 |
+-----+----------+-------------+
| 206 |        0 |           0 |
+-----+----------+-------------+
|   6 |        0 |           1 |
+-----+----------+-------------+
| 107 |        0 |           1 |
+-----+----------+-------------+
| 169 |        0 |           1 |
+-----+----------+-------------+
| 705 |        1 |           1 |
+-----+----------+-------------+
| 249 |        0 |           0 |
+-----+----------+-------------+
| 213 |        0 |           1 |
+-----+----------+-------------+
| 548 |        1 |           0 |
+-----+----------+-------------+
| 157 |        0 |           0 |
+-----+----------+-------------+
| 370 |        1 |           1 |
+-----+----------+-------------+
| 501 |        1 |           1 |
+-----+----------+-------------+
| 228 |        0 |           0 |
+-----+----------+-------------+
| 710 |        1 |           1 |
+-----+----------+-------------+
| 515 |        1 |           1 |
+-----+----------+-------------+
|  92 |        0 |           1 |
+-----+----------+-------------+
| 377 |        1 |           1 |
+-----+----------+-------------+
| 316 |        0 |           1 |
+-----+----------+-------------+
| 457 |        1 |           1 |
+-----+----------+-------------+
|  42 |        0 |           1 |
+-----+----------+-------------+
| 118 |        0 |           0 |
+-----+----------+-------------+
| 663 |        1 |           1 |
+-----+----------+-------------+
|  57 |        0 |           1 |
+-----+----------+-------------+
| 319 |        0 |           1 |
+-----+----------+-------------+
| 531 |        1 |           1 |
+-----+----------+-------------+
|  24 |        0 |           1 |
+-----+----------+-------------+
| 172 |        0 |           0 |
+-----+----------+-------------+
| 541 |        1 |           1 |
+-----+----------+-------------+
| 364 |        1 |           1 |
+-----+----------+-------------+

Accuracy: 0.73
Classification Report:
              precision    recall  f1-score   support

           0       0.97      0.51      0.67        75
           1       0.63      0.98      0.77        64

    accuracy                           0.73       139
   macro avg       0.80      0.75      0.72       139
weighted avg       0.82      0.73      0.71       139
