+-----+----------+-------------+
|     |   Actual |   Predicted |
+=====+==========+=============+
|  51 |        0 |           0 |
+-----+----------+-------------+
| 604 |        1 |           1 |
+-----+----------+-------------+
|  87 |        0 |           0 |
+-----+----------+-------------+
| 326 |        1 |           1 |
+-----+----------+-------------+
| 117 |        0 |           0 |
+-----+----------+-------------+
| 628 |        1 |           1 |
+-----+----------+-------------+
| 289 |        0 |           0 |
+-----+----------+-------------+
| 374 |        1 |           1 |
+-----+----------+-------------+
| 349 |        1 |           1 |
+-----+----------+-------------+
| 554 |        1 |           1 |
+-----+----------+-------------+
| 302 |        0 |           0 |
+-----+----------+-------------+
| 508 |        1 |           0 |
+-----+----------+-------------+
| 254 |        0 |           0 |
+-----+----------+-------------+
| 142 |        0 |           0 |
+-----+----------+-------------+
|   2 |        0 |           0 |
+-----+----------+-------------+
| 247 |        0 |           0 |
+-----+----------+-------------+
| 598 |        1 |           1 |
+-----+----------+-------------+
| 447 |        1 |           1 |
+-----+----------+-------------+
| 199 |        0 |           0 |
+-----+----------+-------------+
| 419 |        1 |           0 |
+-----+----------+-------------+
| 395 |        1 |           1 |
+-----+----------+-------------+
|  83 |        0 |           0 |
+-----+----------+-------------+
| 268 |        0 |           0 |
+-----+----------+-------------+
|  57 |        0 |           0 |
+-----+----------+-------------+
| 238 |        0 |           0 |
+-----+----------+-------------+
| 544 |        1 |           1 |
+-----+----------+-------------+
| 269 |        0 |           0 |
+-----+----------+-------------+
| 403 |        1 |           1 |
+-----+----------+-------------+
| 520 |        1 |           1 |
+-----+----------+-------------+
| 573 |        1 |           0 |
+-----+----------+-------------+
|  41 |        0 |           0 |
+-----+----------+-------------+
| 157 |        0 |           0 |
+-----+----------+-------------+
| 398 |        1 |           1 |
+-----+----------+-------------+
|  82 |        0 |           0 |
+-----+----------+-------------+
| 128 |        0 |           0 |
+-----+----------+-------------+
| 421 |        1 |           1 |
+-----+----------+-------------+
| 162 |        0 |           1 |
+-----+----------+-------------+
| 352 |        1 |           1 |
+-----+----------+-------------+
| 143 |        0 |           1 |
+-----+----------+-------------+
| 230 |        0 |           0 |
+-----+----------+-------------+
| 584 |        1 |           1 |
+-----+----------+-------------+
| 458 |        1 |           0 |
+-----+----------+-------------+
|  92 |        0 |           0 |
+-----+----------+-------------+
| 342 |        1 |           1 |
+-----+----------+-------------+
| 357 |        1 |           1 |
+-----+----------+-------------+
|  81 |        0 |           0 |
+-----+----------+-------------+
| 256 |        0 |           0 |
+-----+----------+-------------+
| 506 |        1 |           1 |
+-----+----------+-------------+
| 298 |        0 |           1 |
+-----+----------+-------------+
|  11 |        0 |           0 |
+-----+----------+-------------+
| 223 |        0 |           1 |
+-----+----------+-------------+
| 486 |        1 |           1 |
+-----+----------+-------------+
| 414 |        1 |           1 |
+-----+----------+-------------+
| 367 |        1 |           1 |
+-----+----------+-------------+
| 624 |        1 |           1 |
+-----+----------+-------------+
|  31 |        0 |           0 |
+-----+----------+-------------+
| 595 |        1 |           0 |
+-----+----------+-------------+
| 219 |        0 |           0 |
+-----+----------+-------------+
| 332 |        1 |           1 |
+-----+----------+-------------+
| 532 |        1 |           1 |
+-----+----------+-------------+
| 152 |        0 |           1 |
+-----+----------+-------------+
| 494 |        1 |           1 |
+-----+----------+-------------+
| 599 |        1 |           0 |
+-----+----------+-------------+
|  58 |        0 |           0 |
+-----+----------+-------------+
| 635 |        1 |           1 |
+-----+----------+-------------+
| 526 |        1 |           1 |
+-----+----------+-------------+
| 248 |        0 |           0 |
+-----+----------+-------------+
| 224 |        0 |           0 |
+-----+----------+-------------+
|  25 |        0 |           0 |
+-----+----------+-------------+
| 499 |        1 |           0 |
+-----+----------+-------------+
| 389 |        1 |           1 |
+-----+----------+-------------+
| 382 |        1 |           1 |
+-----+----------+-------------+
| 384 |        1 |           1 |
+-----+----------+-------------+
| 489 |        1 |           0 |
+-----+----------+-------------+
|  75 |        0 |           1 |
+-----+----------+-------------+
| 373 |        1 |           1 |
+-----+----------+-------------+
| 191 |        0 |           1 |
+-----+----------+-------------+
| 636 |        1 |           1 |
+-----+----------+-------------+
|  62 |        0 |           0 |
+-----+----------+-------------+
| 621 |        1 |           1 |
+-----+----------+-------------+
| 107 |        0 |           0 |
+-----+----------+-------------+
| 218 |        0 |           1 |
+-----+----------+-------------+
| 610 |        1 |           0 |
+-----+----------+-------------+
|  96 |        0 |           0 |
+-----+----------+-------------+
| 560 |        1 |           1 |
+-----+----------+-------------+
| 491 |        1 |           1 |
+-----+----------+-------------+
| 589 |        1 |           1 |
+-----+----------+-------------+
|  30 |        0 |           1 |
+-----+----------+-------------+
| 118 |        0 |           0 |
+-----+----------+-------------+
| 530 |        1 |           1 |
+-----+----------+-------------+
| 227 |        0 |           1 |
+-----+----------+-------------+
| 565 |        1 |           1 |
+-----+----------+-------------+
| 343 |        1 |           0 |
+-----+----------+-------------+
| 310 |        0 |           1 |
+-----+----------+-------------+
| 550 |        1 |           1 |
+-----+----------+-------------+
| 483 |        1 |           0 |
+-----+----------+-------------+
| 473 |        1 |           1 |
+-----+----------+-------------+
| 170 |        0 |           0 |
+-----+----------+-------------+
|  86 |        0 |           0 |
+-----+----------+-------------+
| 271 |        0 |           0 |
+-----+----------+-------------+
| 616 |        1 |           1 |
+-----+----------+-------------+
| 259 |        0 |           0 |
+-----+----------+-------------+
| 426 |        1 |           1 |
+-----+----------+-------------+
|  66 |        0 |           0 |
+-----+----------+-------------+
| 292 |        0 |           0 |
+-----+----------+-------------+
|  77 |        0 |           1 |
+-----+----------+-------------+
| 277 |        0 |           0 |
+-----+----------+-------------+
| 575 |        1 |           1 |
+-----+----------+-------------+
| 356 |        1 |           1 |
+-----+----------+-------------+
| 600 |        1 |           1 |
+-----+----------+-------------+
| 420 |        1 |           1 |
+-----+----------+-------------+
| 281 |        0 |           0 |
+-----+----------+-------------+
| 147 |        0 |           0 |
+-----+----------+-------------+
| 361 |        1 |           1 |
+-----+----------+-------------+
| 622 |        1 |           0 |
+-----+----------+-------------+
| 226 |        0 |           0 |
+-----+----------+-------------+
| 562 |        1 |           1 |
+-----+----------+-------------+
| 320 |        1 |           1 |
+-----+----------+-------------+
| 501 |        1 |           1 |
+-----+----------+-------------+
|   6 |        0 |           0 |
+-----+----------+-------------+
| 110 |        0 |           0 |
+-----+----------+-------------+
| 124 |        0 |           1 |
+-----+----------+-------------+
| 173 |        0 |           0 |
+-----+----------+-------------+
| 196 |        0 |           0 |
+-----+----------+-------------+

Accuracy: 0.80
Classification Report:
              precision    recall  f1-score   support

           0       0.80      0.79      0.79        61
           1       0.80      0.81      0.80        63

    accuracy                           0.80       124
   macro avg       0.80      0.80      0.80       124
weighted avg       0.80      0.80      0.80       124
